$ANSIBLE_VAULT;1.1;AES256
33393533623165383430613032333065363766396261336661376463656161313437626337313537
3364373238653065613735626232616138646465343835370a653261613230653633363439373366
34396661333639386630393835643436616463393661353632336137333932663930356161636333
3436393533316665660a643138643265376436646335373135636536366464653938313566303464
33643532303234343033363237323366363263616538653565366434656263663938633563316433
64356565313636643935323264393462313931326430346133333939383934366661666565393733
31663361613530353834613836653932396335303230666165393832653865356632373337383133
37303565643139303862666633316333363830336539626338386137656134383132623866663832
35343862633732313336353138343235633466376433613165386534643030386362356166336333
65393033633934343466346233316462386463663638666162373931656631313136613565303364
30323164366165326463363864666566613833633133666631326431366439393234386435346532
36306631373161396663643062663639326161623062653837313762396130346135373831326266
35633564326338353934643535393164386434636633336635353933313234353031373435643762
37336536653031663731623533346237363935333963663435663761376264393161613631366162
32313363633564323431313665373862386639383463353065303630663339336639363464303765
65313330386431313566353039396332363930643462373365323164323035386132646165396639
6133
